-1.0625638 -0.14563392 -0.14361005
0.28063908 0.16753925 0.15449627
1.3472085 0.34928876 0.6029539
-0.32907525 2.8439722 0.20999378
0.6196911 0.65820813 -0.8996843
0.66067654 1.5018595 -1.1104586
0.4231445 0.07616247 0.47290233
-1.7576697 -0.7658713 0.18842904
-1.6867305 -0.7905209 0.6875641
-0.9019107 0.33129424 0.38944927
0.17754099 -0.38458252 0.27067217
1.0648434 -0.6306422 0.65572363
1.7718153 -1.8593282 0.25488043
0.7863724 -1.4980041 -0.8288403
-0.45837605 -0.19813257 -0.15450548
-1.9168649 -2.5347085 -1.6536765
-0.71592677 1.6260794 -0.8966056
0.058477808 0.50056416 -0.92737055
-0.27633566 -0.56755805 -1.7184517
1.3064383 -0.68977344 -2.5518677
1.3352779 0.96416754 -0.34470943
-1.3698343 -1.078511 1.1421323
0.18599564 0.15533753 1.2296305
1.3992044 0.65178037 1.9895328
1.6325353 -1.4842376 0.10418147
0.512619 -0.6590047 0.32255936
-0.756848 -1.707728 0.21173036
-1.5997208 -0.33655745 -0.92611307
-1.6208892 0.35267073 -1.1753873
-0.5646068 -0.19164574 -0.26743817
0.5894321 0.06584943 0.045731325
0.11510838 -1.3493038 0.30945393
-1.0170723 -1.5518777 -0.09089604
-1.1438359 -1.0675341 -0.89845914
-1.8643072 2.0379498 -1.4449401
-1.6119292 2.3448832 -1.7526001
-0.13318145 0.06722758 -2.0365798
1.0532211 -0.16174574 -1.3435677
0.60082847 0.8700194 -0.5372797
1.0878798 0.18544108 0.3120219
0.07978372 0.4233557 -0.8262613
-0.65998966 0.79810107 -0.71708685
0.903138 -0.026814237 -0.2799154
0.6145312 -0.49272418 -0.83434933
0.21560803 -0.3637808 -0.845016
0.31545144 0.47769618 0.85752296
0.52176285 0.3171834 0.36221188
-1.5721796 1.4137061 0.26627195
0.7497588 -1.2756613 0.084746
-0.55538905 0.014640901 -0.35715675
-1.7882335 0.83294785 -0.10533907
0.64001393 -0.910245 0.5445871
-0.70192367 -2.4617972 -0.059458658
0.03758351 -1.2322551 -0.012943341
-0.597399 -0.60856503 0.124841444
-0.3056819 0.5746702 0.296416
-0.1939957 0.7972365 -0.8209425
-3.4718475 -0.036655564 0.5486016
-0.30656844 -1.4501649 -0.46607643
2.1687858 -1.1466936 1.0223941
0.3969486 -1.5588928 -0.2967968
1.9600854 0.19767064 0.6900389
0.5742572 0.5709709 0.28091216
0.638763 1.4746383 0.14652228
-1.7186738 -1.1283877 0.32374004
1.1306065 0.13625924 -0.10562168
1.1708997 -1.9292539 -2.057855
-0.35184172 -1.1307578 -1.0805494
-0.90447795 -3.0827322 -1.7695174
2.1322968 -0.35558248 0.41399223
0.7712298 -0.13736068 0.23030518
0.034340587 -0.106914185 0.46254086
1.3266504 -0.42840636 0.851337
1.4106263 -0.7091652 1.2023973
1.5972664 -0.87729067 0.5078835
0.541936 -0.82744896 0.04289866
-0.389486 -3.4521818 -2.1233263
-0.2703402 -1.1675086 -1.184345
-0.11299217 3.565537 1.5706606
-0.95347095 0.9051693 0.7984797
-0.5603896 0.77210945 0.29408386
0.6749677 0.08172536 0.16972728
1.3285928 0.6637798 0.338446
0.4666482 0.39706695 -0.533552
-0.023306414 -0.97779626 -1.3669286
-1.0230597 -0.912687 -0.60249597
-0.23746532 1.572223 0.21930075
1.4914 0.79451567 0.2325215
1.2137868 -2.0140998 -0.5651368
-1.2100266 -1.2942102 0.9403909
-1.6987327 -1.0735313 -1.3308451
-1.6303939 -1.3699495 -1.8218157
-0.9424047 0.07945022 -0.6345219
-1.1726426 0.96370524 -1.5253141
0.2373406 0.9645122 -0.6431001
2.19405 1.0416881 0.1580894
1.916369 1.2419099 1.7790194
-0.9899097 -1.0499426 1.0426761
1.2467813 -1.5696175 -0.19819576
0.38323975 -0.47893044 0.95483935
-1.6961222 -1.1682559 -0.26592338
-1.0833398 -0.118808016 -1.2852788
0.93925136 0.33784804 -0.4011013
1.9461398 0.49821928 0.65642214
1.5803164 0.055474486 0.01470183
-0.9826169 -1.1735162 -1.3228824
-2.871333 0.81916356 -0.9710667
-1.4659559 -1.1945255 -1.1826353
0.6933845 -1.6077904 -0.727005
1.4990817 -1.0992492 -0.48173964
1.1158783 2.1802022 2.546522
0.08000845 0.413242 1.2394712
0.39695898 0.010565076 1.1470333
1.9728271 -1.6535271 -0.97073865
0.253618 -1.0026584 -0.9662915
-2.0147896 -3.1103432 -0.4665017
-0.9944774 -0.7294527 -0.59851855
-0.2273191 -0.0021265727 -1.0014808
1.0699539 1.1779438 0.9702544
0.34419233 1.9649287 0.36284238
0.695672 1.6754037 0.28051484
-0.478066 -0.35774288 0.33593327
0.92291284 1.6238788 1.0491774
2.7319694 -0.796374 -0.64719605
2.1985235 -4.0778856 -1.5755396
-0.22722165 0.22411543 0.78561926
-2.8536944 -2.6998403 1.0416198
-1.7838031 -1.5526805 -0.17912802
-1.66279 -0.38026613 -1.8324078
-0.94652474 0.7984031 -0.88945603
-0.9689887 1.0577934 1.0510803
0.041651934 1.429677 0.38535744
0.78064734 1.2773558 0.43971586
1.2888335 0.2940737 0.6388931
1.2173384 0.4106289 1.1148682
1.0949918 0.43108132 1.8459733
1.7916234 -2.296676 0.18405138
-0.5299733 -0.26238054 -0.43631998
-4.5779333 0.60692424 -0.7987504
-0.81413287 0.10663172 -2.0490873
0.82796675 0.5852679 -1.8072101
1.0706567 1.3782315 -0.7370508
1.2623117 1.2882676 0.716864
0.60202205 0.71851075 -0.73444355
-1.9441849 -0.04852467 -0.36734372
-3.5093536 -3.816499 -0.78395534
-1.8376886 0.3602556 1.4980897
0.8881207 0.2166337 0.4805237
2.4726098 0.76662093 0.8224379
2.229108 0.9982423 1.3789843
-1.3280942 -0.49403977 0.10553456
-0.05013685 -4.0053906 -3.3711882
-0.55475056 1.2262969 -0.19972113
-2.1070657 -0.14398669 0.4108801
-1.391746 -0.7388961 -2.422013
-0.06862193 -1.2904325 -3.852692
1.0007453 0.6831865 -2.9311082
-0.35005915 1.1140624 -2.6694515
-1.7327654 2.1590068 -2.2058372
0.8110288 3.545859 0.42586616
-0.5351805 1.2962861 2.495475
2.1005018 -0.7492964 2.500996
3.4592679 -1.7465866 1.5756248
1.2566432 -1.2968261 -0.9201059
-1.0012918 0.5718719 -0.5580769
-1.6650707 1.4916468 0.95625365
-2.3432817 1.1052872 2.0609975
-0.6221164 -0.83779013 2.279984
1.2254876 -0.44661954 2.7343678
1.9308617 -2.2990963 1.5381856
0.9568038 -2.6519206 2.5021372
0.98317325 -2.6823225 2.3960798
0.4693434 -1.7462555 1.0402813
-0.48784482 0.43646738 0.24656224
-0.5053664 0.6896764 0.41001981
0.47969934 0.6670088 -0.8624724
1.7894673 -0.020497434 -2.2632637
1.1574291 -2.403348 -1.3668106
-1.27458 -3.6750717 -0.27953616
-3.839206 -3.7060287 -0.56462616
-0.6670839 -1.0143287 0.13598907
-1.428788 2.2135231 -0.4455186
0.86063045 3.377712 -0.16273153
1.4702281 2.2276468 1.071873
-2.7247646 -0.5393483 0.89367956
-0.057280704 0.2787343 1.7562158
0.77776074 -0.07914351 1.9762112
0.41614926 -0.24758847 2.2496426
0.8391019 0.06492087 1.3491082
0.48987743 -0.45776954 0.5294338
-0.35576165 -1.9946079 -0.12653202
-1.7176963 -2.281914 -0.6630502
-0.736073 -1.5929259 0.40672463
-0.5233778 -1.5021622 0.09821876
-0.0951341 -0.22669625 -0.49101913
-0.688309 1.2331246 -0.39557505
1.6220711 1.0031307 0.12769613
0.52014303 0.057559475 0.6020356
-0.9902324 -0.8035304 0.9844988
2.526879 -0.17550117 1.19693
1.123986 -1.8667938 -0.5198396
-1.7398975 -1.3092172 -0.21482262
-3.1940422 -1.3638839 0.004396662
0.168173 -0.7861302 -0.5804117
2.1456754 1.5518528 -0.5402324
1.1552092 2.057085 0.1443462
-0.4545682 -0.36067808 0.44852683
-0.68493366 0.83791876 1.0717006
-0.7932467 -0.7093022 0.07606945
-0.106681935 -1.65588 -0.48668647
-1.8751719 -1.2561064 -0.698576
-0.3713955 -0.84148955 -0.32440346
0.56400454 -0.3705496 -0.29101467
1.2988635 -0.119503565 0.31519607
0.88781923 0.5177866 -0.090776995
0.07588116 0.99859464 -1.0878785
0.33003226 -0.55884445 -1.7617542
-1.2780297 -0.19307153 -1.2429795
0.7949794 -0.596186 -0.64768684
1.3550068 -0.9012783 0.10728079
2.2944686 -1.2310822 0.122076996
0.7175316 1.2212819 0.9633959
0.316539 0.41214323 -0.39659983
-0.17687397 0.016810272 -0.36048567
-2.4578393 -0.24284638 -0.51046085
-0.66900593 -1.291623 0.07426379
1.0453802 -1.6443408 0.32885084
0.0094669685 -0.2513251 0.74833024
-0.3044213 0.7998213 0.73127097
2.2283783 0.45152482 0.34681752
0.9628551 -0.3258482 0.25196454
-1.4538007 -0.94847095 -0.5126917
-0.22076921 0.9088854 0.76567113
0.38399494 1.324353 0.65865123
0.9780767 0.49897313 -0.07435104
1.1929166 0.024717074 -0.27301848
2.6024535 -1.4820148 -0.78781843
-0.06372402 -1.7697297 -2.9185787e-05
-1.2114205 -0.8041283 -0.8195777
-2.6406407 1.813408 -1.1337438
-0.6328224 1.0760262 -1.062369
1.3602645 0.97145975 0.31750628
2.4661398 -0.11426321 0.54114234
2.8893776 -0.13522713 0.13923214
-0.099517465 1.1565354 0.43394727
-0.55226636 1.318303 -0.28546038
-1.8786877 -1.4820124 -0.1177696
-1.0925277 0.037409086 -1.493038
0.36623216 -0.0064731194 -0.78863084
0.25646752 0.5781273 1.4733894
0.16647227 -0.6167887 1.0065713
-0.117505796 0.33266032 0.1851174
-0.19419244 0.5076593 -0.41693318
0.391514 0.61988026 -0.0945534
-1.0470454 -0.3032161 0.5884917
0.63791597 -1.3181386 0.74743104
-0.08656746 -1.0882075 0.7933061
0.050278477 0.48269182 1.6816285
0.3753764 -0.24773926 1.9366486
0.63520145 -0.94173187 1.1263604
1.2169403 -2.6432264 -0.67204976
-0.061515428 -0.7849975 1.177923
-0.8846356 -2.4347708 0.01771137
-1.154518 1.1576511 1.1215262
-0.19331805 0.21139336 -0.33663797
1.0087264 1.5673251 -0.3831477
1.0391088 2.3759677 0.55195403
0.81287485 0.018231377 -2.447078
1.7448103 -0.23653418 -2.923068
-1.5032644 -0.8623618 -1.5952013
-2.8471763 0.88849825 -1.2667977
-0.21522745 0.37453017 -0.6529546
1.0614939 2.8906438 1.8337388
1.6319551 -0.8554907 1.5928849
-0.4912158 -0.16047454 1.7973547
0.49798506 -0.75195676 0.30729324
-0.2899599 -0.409145 -0.19858178
-2.7302678 1.435568 0.6244033
-0.77070034 -0.78955513 0.960168
-0.7175101 -3.1845782 1.22556
-1.5493543 -2.806319 0.8688958
-0.14051628 -1.8877407 0.18224576
0.7511381 -1.8196094 -0.74481165
1.0634375 -1.8717606 -1.958546
-0.66444033 0.32640746 0.8656794
-2.9089735 2.4272418 2.2224054
0.7004057 -3.6289158 -0.08843501
-0.14535947 -1.1178516 -1.2773094
-2.3536615 0.67371887 -1.369062
0.48989546 2.3206682 -0.0020721853
1.6877271 -0.0027327873 -0.8809783
0.95207936 0.3405205 -0.6335384
0.93458176 0.64930356 -0.64955217
-0.317346 1.4943682 0.12155093
-1.4344954 1.9088305 0.17044546
0.09760541 -1.2348001 0.693524
0.45423687 -0.94699526 0.64539325
1.0303019 -0.9547767 -0.55249465
-0.22687815 -1.2876043 -0.19473319
-0.6695667 -1.4204092 0.9986901
-1.9923034 -0.20574501 -0.2974375
-0.47550407 -1.2185081 -0.50697577
0.92944276 0.90723085 0.06137903
1.7639704 0.2638336 -0.4117093
1.2374457 0.98390406 0.36218107
1.8750271 -0.53044975 -0.199658
0.22972393 -0.16341217 0.45049617
-1.3924041 0.95682377 -0.37157595
-0.33996338 0.18505487 -0.18611081
0.8369281 -0.7753153 -0.37388438
1.0601035 -0.69542015 -0.17267722
0.8245097 -0.06607914 0.11569313
-1.7818037 1.2994194 0.7708411
-0.6821718 -0.5627711 1.7885756
0.18155293 -0.9159324 1.9948235
1.1801585 -2.4457417 1.0545588
1.0903974 -1.7373064 0.9658707
0.5628397 0.14482391 2.3954248
-1.2706507 -1.6171383 -0.20181361
-0.25640902 0.24668339 -0.14055134
-0.49638864 0.21538498 -0.18854855
0.110540345 1.2000549 0.97390974
0.4335972 1.522057 0.2895034
1.2898397 0.8908189 -0.8516185
0.15750667 0.28467104 -1.3159482
-0.35225055 -0.19005466 -1.0681316
-1.3741759 -0.96887445 -0.3925333
-0.55927414 -1.9897057 -0.2203064
-0.16680042 -0.90028024 0.24148792
-0.52696854 -0.21107662 -0.35269752
-0.0671916 -0.55651015 -0.057470728
-0.38441044 -0.5562987 -0.07849978
1.1672778 0.11179766 0.6834721
1.1074144 0.025210261 0.5288082
0.31146675 0.25726467 0.48408672
0.005716023 -0.20766577 0.9365454
0.39710468 -1.0189208 0.2023771
-0.52765834 -1.3616258 -0.10366193
-1.6383154 -0.55160064 -0.98315024
1.053053 -0.10952909 -0.7500387
0.75517285 0.18199591 -0.43238506
-0.17692047 0.46259454 0.044540953
-0.78637815 0.115415625 0.09995836
-0.83099455 0.48841783 -0.20070074
0.7818744 1.1230469 -0.92887753
3.4342031 0.0668199 -0.3054985
1.4338901 0.23081288 1.0957687
-3.693077 2.0432265 -0.7454237
-3.3098078 -0.12991557 0.6151784
-0.698181 -0.50202686 0.7926631
1.6293315 -0.87287533 1.0183345
2.086153 -1.0882299 1.6599876
1.6302505 -0.48427626 1.4883099
1.2690839 -0.54427123 0.3000337
-0.018230155 -1.2919505 -0.61038226
-1.6983556 1.2708324 -0.24034071
-0.3767018 0.43708083 0.14526106
0.6439224 -0.4877456 0.31178913
0.63138735 -1.2701967 0.10003627
-0.54756373 -0.6710344 0.9773836
-0.3022981 -1.1726825 0.24173978
-0.095024295 -1.1581676 0.43219268
-0.549655 0.5576089 1.8890842
-0.5025349 -2.2504933 -0.117799446
0.672942 -1.1291056 0.59111136
0.39460838 0.7202405 0.24633272
0.47352943 1.5320332 0.23828398
1.2516553 0.35203776 0.28701317
1.5660763 -0.7553065 -1.8308201
1.064006 0.10713104 -0.96840626
-1.6326668 0.2477847 -0.12529202
-1.4807774 0.043341115 -0.9112962
1.1490997 1.6016234 -0.5949204
1.7078311 -0.0132413255 -0.11781016
0.77556825 -0.09161173 -0.6246586
0.33679685 -0.37774676 -1.160732
-1.6923687 -0.3264001 -1.0846126
-2.165551 -0.51942223 -0.29536468
-1.2200615 -0.6449897 0.5793222
-0.94409424 -0.789701 0.96090186
-0.4407753 -1.0172299 0.9844188
-0.62110066 -1.1259968 1.3648465
0.37628436 -1.9183847 1.274746
0.13049573 -2.6238399 1.0413303
-0.2846122 -0.08682928 -0.007821353
-1.1669631 1.7969593 -0.02564244
0.30895445 -0.20625103 -1.2956942
1.5383911 -0.9288563 -1.0980191
0.47167856 1.1974171 -0.6563904
-0.19582966 1.643015 -0.89188373
1.5867982 1.289293 0.12438109
2.5425222 0.8184587 -0.80274594
0.51757115 0.69024104 0.47241306
-0.50603807 0.36402693 -0.6687228
-1.4985346 0.4530777 -0.20264854
-2.1579638 0.52213943 0.18359728
0.17853187 0.2098659 1.0084771
1.7735933 -0.23020767 -0.24538635
0.8387366 0.012436964 0.70548254
0.05000836 -0.6757136 0.42790502
-0.7197401 -1.3579081 0.30284554
-1.135922 -0.49763888 0.73762256
-1.4346501 0.78622395 -1.1178432
0.7334104 0.17746606 -0.9343885
2.5326343 -0.8570272 -1.168043
1.6762316 -0.33211678 -0.15883404
-0.8413681 -1.0096002 -0.3549688
-1.3211033 0.574655 -1.0134766
-0.11349869 1.9106668 -0.13954192
2.0090907 0.6121957 -0.95275545
0.7618155 -0.44808763 -0.8913833
-2.1009958 1.562565 -1.3347877
-1.2030472 0.78523886 -0.31232363
-1.0867164 -0.9315869 -0.83835024
-1.6358068 1.0306253 0.78879666
0.6662474 -0.34871688 1.1493227
2.657286 -1.350972 0.764256
2.0801163 -1.026497 1.436157
-1.3742529 -1.4980534 0.44572088
-3.08275 0.71893716 0.5517428
-0.9249925 -1.7239761 1.268276
0.0059087984 -1.7911179 -0.0807616
-0.5114821 -0.33391175 -0.5384562
0.34848768 -1.1330955 -0.6572183
0.85935265 -0.88773674 1.1915985
0.79523623 -2.3742273 1.1616477
-0.50696284 -1.9078474 0.55844516
-1.0192244 -1.7927599 -0.2630289
-0.64781046 0.4843452 -0.91333807
0.04913979 1.4302658 -1.2308888
0.9221365 1.5949577 -0.755841
1.7447375 0.3776741 -1.8900526
-1.2027142 1.5136918 -1.2003632
-0.068231024 3.9491363 -0.045044784
2.6104145 1.8184595 -0.5353202
0.9689989 -0.27214372 -0.6234165
0.067352526 0.16360782 0.22045511
-0.30208617 0.39038256 0.2764746
-0.6252523 0.18983468 -0.052256204
0.40868327 -0.39530882 0.118671
-0.35092655 0.8276779 -0.39770922
-0.19410942 -0.44642282 -0.5586427
-1.1879239 0.43444994 -0.057321846
-1.5178344 1.1585187 0.6794633
1.2340032 -0.60243183 0.6376196
0.9041515 -1.6540068 0.777312
0.3417207 0.7749881 0.4597162
-1.6674937 -1.8899363 0.530157
0.11497266 -0.3525797 -0.20100763
0.79893345 0.7297188 0.10069394
-1.0405501 0.24025896 0.80146205
0.3595366 -0.27951053 -0.841967
-0.17700085 -0.9110128 0.061161608
-0.043580968 -0.2991516 0.2968079
1.3228377 0.5463937 0.16519275
0.68341416 -0.26870927 0.18049769
-0.57933486 -2.0998616 -0.39038903
-0.13438979 1.4569936 1.1856556
-0.7770898 0.23592742 -0.20299813
0.3096986 0.6628231 0.75554836
0.13503894 -0.42366797 -0.15420312
0.6114846 0.13810416 0.3628729
-0.70746094 -1.9721708 0.16921107
0.27878714 -1.0498259 0.5228289
-0.47204316 0.68568206 -0.21708083
0.8976605 0.9944823 0.1562675
2.6808343 -3.065527 -2.7542067
-2.60386 -0.2231358 -0.18583003
-1.8735644 -0.16727276 -1.2553668
-1.0153971 0.40945494 -0.44007528
0.20969588 -0.015513996 -0.129161
0.72458917 -0.21384083 0.7018645
1.0170379 -0.22869593 1.3572222
0.8800606 -0.9340532 1.1097034
1.8757794 -0.5084658 1.3521979
0.3582555 -1.2862122 0.7571105
-0.20458196 -3.3823395 -1.9335563
-3.2622254 1.1485533 0.14753094
-2.5949836 -0.59284246 -0.6065377
0.08275229 -2.0548537 -1.6682068
0.6141199 -1.3199658 -1.4396305
-0.11658715 1.0160003 0.46848053
-0.657404 -0.4127739 -0.17401966
0.029778857 0.38767394 0.5306283
0.020107657 -0.09130171 -0.11130442
0.9958196 0.9570454 0.5320182
0.2773871 0.8093912 0.09738284
0.27905095 1.6629453 0.6014037
2.2367861 1.0028372 -0.1889814
2.61377 -0.5959886 -1.2064302
1.3736446 -2.5928745 -0.3065325
0.22675896 -1.1902151 1.5915189
-1.5223135 -0.23750623 -0.40205246
-1.9938825 -1.161759 -1.8539871
-0.6601562 0.7189816 -0.39422527
0.3615127 2.324122 0.50971603
2.9655497 1.9471512 -0.5486474
1.0567632 0.5108363 -0.095923185
-1.245865 -0.88348603 0.040191017
-0.60953754 -1.4167482 0.8483203
1.6473505 -1.8998514 -0.020610508
0.23068556 -1.5917609 0.9467031
0.14106748 -0.69450766 0.45963535
-1.1289091 0.004811992 0.51271594
-1.9353133 -0.6380336 0.333918
-0.4771791 -0.6849815 -0.23906174
0.5586236 -0.434265 0.6196002
1.1869885 -1.1767492 -0.33327764
0.15718655 -0.5444753 0.35558283
-2.5362341 0.36753428 -1.0193553
-1.4514415 0.5054335 -1.034634
0.8295338 1.8723933 -0.8126334
2.2042713 3.761245 -0.28777745
2.8582234 -0.06724133 -1.6446137
-0.6170767 -2.8834236 -1.8650146
-2.3933787 0.4143293 -0.7268739
-2.000631 0.42317867 -0.8460889
0.5433361 1.4286816 -0.70329666
1.8138319 1.6936741 0.95450187
3.352468 -0.054658055 -0.42314827
3.0113754 -1.4963973 -1.1104094
0.9551566 -1.6575767 0.35079494
0.7705651 -2.2351167 0.6716693
-2.2481177 0.45513046 -1.8138828
-2.0802453 -0.62141913 -0.868351
-0.4784683 -1.0342033 -0.23921001
-0.09128178 -0.5125528 -0.27644235
-1.2850064 1.179109 -0.115917295
-1.28349 1.4497572 -0.9066904
-1.5312259 0.49051338 0.92750645
0.60925114 -0.3443504 0.7817503
1.0245278 -1.0624449 1.3683997
1.6032883 -2.019061 0.90848225
0.74881893 -1.3306477 -0.4767759
-1.398194 -0.68882513 -1.2250088
-3.078524 0.14658657 0.053051304
-2.5533943 -1.7722512 -0.25538397
-0.17567252 1.279348 -0.5318032
1.1209617 0.83013004 -0.055099256
0.07526429 0.6259806 0.23391643
-0.40433773 0.069365725 1.125035
2.8570962 -0.9609821 -0.060663134
3.1956723 -2.000366 0.42258072
1.914919 -1.9597156 1.387691
-1.6122508 0.121584855 -0.17447707
-2.5936308 0.4298136 -0.29914528
-1.6741153 0.044521883 -0.19016871
-1.1080697 1.6759547 -0.4829272
-1.3654288 0.6721932 0.5516318
1.827456 -0.1575463 -0.75497687
3.5454004 -0.8828619 -1.1948314
0.73787844 -0.2463233 -0.5239801
-1.5389662 -0.22176515 -0.48159033
-1.653927 0.45850036 0.5266926
-0.39882666 -0.74544805 1.3829372
1.8492509 -1.0110918 1.7859819
2.173242 -0.67836964 0.20560408
0.43385714 0.30965406 -1.2821338
-2.3638027 2.7966378 -0.48808873
-1.4876187 0.17288485 -1.1101551
-1.4783123 0.9445526 -0.2294173
-1.6557789 0.5552865 -0.03366662
1.1381876 0.23334605 0.21780981
1.3106468 -1.8261057 -0.08384163
-2.5718732 -1.1198072 0.4190833
-2.0088959 -0.25958592 0.5833099
1.029929 0.1228429 0.994563
2.8229282 -0.6677863 0.8911346
-0.88857436 -0.907223 -1.1542649
-3.3506029 -1.4998089 0.030035503
-1.9271718 -1.13146 0.5472263
1.2475584 0.93442434 0.56221575
2.3803456 0.90037787 1.4152613
0.45825505 0.4743385 1.4404626
0.7687711 -1.0657899 -0.82754886
2.0864072 -0.9327193 -0.6220255
-0.38444772 -1.3188397 -1.050013
-4.157616 -3.3251917 -0.022592776
-0.72581035 0.4834385 -0.037376255
1.4355627 -0.7803563 -0.4203242
1.0649763 0.3460364 0.20387386
1.2676691 1.5839545 1.0753961
1.3913351 0.3003827 1.1642263
0.3992498 -0.10703067 0.10021217
-0.8267719 -1.186833 -0.45336938
-0.98501575 -2.4211564 -0.3058687
0.026675574 -0.47594586 0.06658019
0.15153565 1.415862 -0.6800722
1.5414228 1.5676148 -0.30750066
0.46188432 0.06894227 0.7683054
1.6534567 -0.122295104 0.4736604
2.2808473 -0.38965124 -0.54421514
-3.1746128 -3.918928 -0.16668418
-0.98483163 -0.2575961 1.7319347
-0.5175551 0.70152867 -0.25275755
0.6994416 2.8896992 0.63315934
1.6207097 3.220055 1.2459711
0.6248882 1.5079029 -0.40650335
-0.20504588 -1.1889677 -0.24403423
0.29607195 -1.1132612 0.6670913
1.4692072 -1.6247718 0.521937
1.8450565 -1.1863536 1.4963045
-0.4389929 -0.75385416 1.0964274
0.07970528 -1.1045749 0.6953298
0.4868843 -0.8182482 -0.09899083
-2.4048061 1.2068584 -0.20175895
-2.2568254 1.8103254 -1.516753
0.64806634 1.7633408 -0.46931654
2.7406547 -0.012937216 -1.118419
4.0432367 -1.5499698 -1.1700275
0.8228877 -0.56075805 -1.895087
-2.2787635 -1.909312 -0.7323315
-2.0545585 0.5559975 -1.1639651
-2.387658 1.7674572 -1.3251543
-0.019085528 1.8297195 -0.10117617
1.8023807 1.2126781 0.86548615
1.4922906 -0.15477379 0.106295705
3.5261247 -1.2981098 -0.8317148
3.17393 -1.7531749 -1.040937
0.60942596 -2.4909778 -0.74641556
-2.4678488 -2.4185197 -0.9603334
-1.8899484 -1.4237496 -0.5906531
-2.1207547 0.7722701 -1.7655692
-2.5160275 2.6630335 -1.2133354
-1.7718673 2.95266 -1.0232179
-0.70952433 5.1538186 -0.39488697
-1.0902582 1.2203875 0.5244522
-2.5140784 -0.7467376 1.4904828
-1.0111176 -1.0627427 2.1535819
0.3398803 -0.99978673 2.6344168
2.494489 -1.2408106 1.9177989
3.6674123 -0.9390398 1.8375566
2.5280404 -2.2772021 0.607344
2.8134513 -1.4347317 0.46979895
0.56675404 -1.1580911 -0.88645095
-1.731137 -0.5795512 -1.6712577
-3.0441601 1.3777624 -0.4173818
-3.4898982 0.5214381 1.6028901
-1.2018358 -1.5646226 1.9130914
1.5512211 -3.3251371 1.2359877
0.63180226 -1.5358129 2.604481
0.31474084 -1.2617573 1.3784828
1.4029803 0.9015458 1.0023006
0.06795747 0.29972434 -0.135761
0.52500194 -1.4819198 -0.369906
1.5722998 -1.7273796 0.061183352
-2.1061947 3.239866 1.791923
-1.3915794 0.3007121 0.3702883
0.06666789 1.9975611 0.041242573
0.49418604 -0.24710861 -1.1560538
2.186699 0.30361265 -0.83649904
0.17386419 1.2166982 -1.5135463
-2.2802944 1.2938387 2.0815108
-2.2302425 -1.6652006 0.5950166
0.1353051 0.017984133 0.80545884
1.4826081 1.6040562 2.1685505
2.4453967 0.5890828 0.46155393
0.07704132 -0.670423 -0.5052938
-0.38001397 -1.5576978 -1.8562729
-2.2562187 -0.8441199 0.5593959
-2.7963161 -1.2958988 -0.5293208
-2.2489755 0.31339464 -0.5414191
0.61824995 -0.22298947 -0.833776
0.99860865 0.17011836 0.122458555
0.37169603 0.932806 0.84787244
1.4866588 0.40044072 1.5425918
0.17051423 -0.81596655 1.6479709
1.228073 0.0041598883 1.9890934
1.2262087 0.65125424 2.1568327
0.9860481 0.8607861 2.192592
2.0867805 -0.6134713 0.44228554
-0.18642384 -1.17439 0.1007325
-0.9531786 -1.6535692 0.41395935
-0.6302137 -1.0363306 0.4454052
1.3789421 -0.4224296 1.4389987
-0.11364328 0.2549941 0.6127016
0.4511168 0.68021286 -0.52168953
0.081808954 1.4722168 0.66522783
-1.252003 -1.3800131 -0.03600464
-2.4330845 -0.054497026 0.20145169
-0.40325645 0.7210419 0.22937277
0.8405133 0.18035924 0.049168885
2.3262818 0.44137022 -0.7880851
1.137092 -0.8554449 -0.34231883
-0.6033805 0.5975348 -0.31618184
-0.5076884 0.12997465 0.018111624
-0.24374987 0.8096173 -0.014115614
1.5250657 0.46548674 -0.2969042
2.038799 -0.8139101 -0.67030656
-1.9513321 0.0012048497 -0.6824264
-3.8360941 1.4822865 -1.0654255
-0.09134438 -0.08365283 -0.1657911
0.18704602 -1.0895718 0.14794265
-0.27181336 -0.8207913 0.52630895
-0.08489953 -0.8218744 0.6240071
0.67688435 -0.36016417 0.5849422
2.9662976 -0.7992872 0.786853
0.7456981 -0.32607386 1.4958122
-1.1713675 -0.12423104 0.4085567
-3.0820181 -0.16595365 -0.90872353
-1.7666934 -0.48938152 0.002219975
1.0082595 -0.8637815 0.2572886
1.9384837 -0.7893516 1.1416488
1.4387708 -1.2246813 2.0233133
0.35457426 -0.18437478 1.0695691
-0.22309026 -1.2899038 -0.01971725
-3.3471587 -0.49157053 -1.0692409
-1.1650375 0.4411964 -0.6324588
1.2361512 -0.9494217 -1.3254483
2.9665813 0.9166497 0.95794886
1.4480481 -0.5524031 1.1652898
-0.008167877 0.20138621 -0.06357564
-4.1800847 2.0637288 -0.6913263
-0.98852044 0.90838134 -0.75783443
2.456572 0.18840793 0.4181171
2.7590241 -0.6838867 0.08045179
0.7752917 0.7807602 -0.15119772
-0.8035929 -0.33272985 -0.9455783
-2.8535132 0.65774953 -2.0054483
-2.6319911 2.956887 -2.0506296
1.0462271 2.1408427 0.36033604
1.6933788 0.28251427 1.5841727
1.6622531 -0.02562169 0.45215732
1.2584037 -0.09584682 -0.91857713
-0.3950125 -1.7459332 -1.1875726
-1.0135782 -2.363563 -1.3551137
-0.5941626 -2.5627923 -2.1800907
-2.8343022 -0.028143097 -1.1595299
-3.3623502 0.7691533 -0.060839586
-0.71992505 -1.8100873 -1.4484578
0.16729587 -0.6421023 -2.14181
0.69199264 0.5972791 -1.010208
1.0320622 0.9660928 0.45053804
1.1626728 1.0764014 1.1815847
1.0794268 0.10016437 0.9134573
2.7384691 -1.954968 -0.37309048
1.7318357 -0.89419043 0.4285898
0.92078805 -0.33207136 0.121944964
-0.22995241 0.2050992 -0.066724606
-0.24987587 1.5166812 0.13719024
-0.27327222 -1.6155798 -0.94617903
-2.372376 2.3815749 -0.318181
-1.4321607 0.13063 -0.8268725
2.389118 -0.0572513 0.71990705
2.249542 -3.3794808 -1.2916605
-0.09916516 -0.41568914 0.6267952
-1.4498014 -1.466152 0.2223787
-1.4111389 2.7691135 -1.475383
-0.10392435 2.6182573 -0.68225354
1.508127 0.7155084 -0.40692228
2.2708108 -1.9399343 -1.5718126
0.71058154 -4.567037 -2.05014
-0.14418347 -0.7802071 -1.1346246
-2.592784 0.6719191 0.02111596
-0.81064034 0.49919423 -1.4725945
-0.1560345 0.87198 -1.5490017
-0.531219 1.2020732 -1.1563896
-0.003715977 1.4337282 -0.9035756
0.17708288 -1.1082096 -2.1966255
1.0488448 -1.8878222 -2.1664758
0.06997771 1.1022042 0.40379572
-0.6694249 0.4376558 0.4036951
-0.46367756 0.6139046 0.15369514
1.5730475 0.8175506 1.3873588
0.5819628 0.6019577 0.9197501
1.6996884 0.0010454431 1.4186922
2.5204847 -1.5918183 -0.2204476
1.2120712 -1.6164906 -0.27245814
-0.5896448 -1.3294761 -1.9997377
-2.377853 1.247463 -0.43830767
-2.6553903 0.47497922 -0.0013498813
-0.06628311 0.7108917 0.7238189
0.15260784 -1.0706208 0.93132865
-0.13265188 -1.1642485 2.0058656
0.942652 -2.1183896 1.4471172
0.8594595 -2.865364 0.76918256
0.43930513 -1.6716276 0.15898465
-2.4337049 0.46383822 0.46036524
-1.1256206 -0.18904787 0.02371672
-0.6953968 0.26964188 0.28219897
-0.51953757 -0.32260567 0.23061755
0.43968362 0.6295937 0.07177566
1.3622196 0.3923167 1.1733875
1.5884227 0.05112373 0.81584185
-0.34935105 0.12688936 1.6207707
-0.7700005 1.1228948 0.53764534
-0.84836656 -0.85105085 1.2269564
0.14301533 -0.49854463 -0.30472225
1.7994388 0.45564178 0.0922806
2.342651 -1.3268251 -0.04578583
0.98031056 -3.4673495 -1.9446013
-0.49628437 -0.8827436 -0.04915137
-2.4210877 -1.524859 0.019379877
-2.9577398 1.8650571 -0.5183955
-1.4677492 2.8747733 -0.47187477
0.32946047 2.9898105 -0.39050537
1.9768671 2.858668 0.60768795
0.9468448 1.4775758 0.23810604
1.000046 1.0956502 1.0188253
0.09878256 -0.48425746 -0.10673936
-0.1646417 -1.4193478 -0.7233507
-1.0604078 -0.43362817 -0.599451
-0.9300956 -1.2691202 0.6078483
-0.15103057 -1.6251855 1.6286077
0.9491189 -1.8286116 2.1884067
-0.6696315 -0.17767394 2.1989505
-0.27462423 -0.83488137 0.33005047
1.4004468 -0.99152935 -0.09943889
2.7113516 -1.6319146 -1.009623
-0.37758866 -0.68026394 0.43492776
-2.4249818 -0.59602916 0.9744148
-2.255337 0.64262605 0.026209153
-0.5332479 1.7330649 -0.2854248
1.7574693 1.5369288 -1.2151673
1.9830253 1.9756905 -1.569298
-0.11166559 -1.4484266 0.48445183
-1.940781 -1.4447591 0.538895
0.067782864 -1.8216317 1.1646898
1.5265985 -0.43457633 1.6052041
1.3141868 -0.6484596 2.204629
2.4703407 -0.18076381 0.92117774
-0.0503886 0.09915498 0.10423538
-2.06694 -0.089999184 -1.5220581
0.37435526 -0.6847936 -0.15025704
0.88363945 0.33880585 1.0401177
-1.2568823 -0.07086088 0.69537675
-0.9228434 -0.2364726 -0.08792783
1.1176918 0.9291643 0.16006912
-0.7028185 -0.02534629 0.4400431
2.4259062 -0.48820147 0.86505777
-1.5478715 -3.0443869 -0.0023036003
-1.5898757 -0.08284653 0.8212137
-0.9367065 0.43820134 1.7661049
1.2992406 -0.1403914 1.3093295
2.2201314 -1.180536 0.881261
2.9457057 -2.0322397 -0.33948112
0.71355045 0.37631273 0.5309704
-1.5969999 -0.16898867 -0.3723589
-2.490064 1.2180403 -0.5387461
