0.0074514407 0.12099628 -0.36296612
-0.0037428136 0.052060153 -0.40301713
-0.055226963 0.078524865 -0.12369947
-0.19552281 0.09038663 0.06801049
-0.1896343 0.117737904 0.26579267
-0.3134464 0.1863383 0.46456662
-0.2959509 0.31294912 0.4899916
-0.1393557 0.2629606 0.30549902
-0.016286843 0.21541072 0.22050543
0.014285235 0.08297637 0.26631367
0.04069215 -0.045609407 0.266347
0.08348618 0.09942661 0.107040465
0.118381344 0.033334512 -0.004987733
0.14884757 -0.063070394 -0.068526044
0.14448044 -0.049173307 -0.043045174
0.19824561 -0.090397656 0.11424395
0.1029738 -0.023308048 -0.07231234
0.21320778 -0.18999068 -0.1946761
0.10902964 -0.23046884 -0.22844249
-0.02891903 -0.25027928 -0.059560545
-0.023535075 -0.15139885 0.07723171
-0.14248714 -0.14708723 0.15301196
-0.1666222 -0.21528718 0.15740919
-0.23130566 -0.22078043 0.08279334
-0.18531226 -0.13245088 -0.13188037
-0.27246216 -0.18749338 -0.13600007
-0.16385062 -0.21434034 -0.019385623
-0.09439155 -0.22410496 0.17919314
-0.060722843 -0.3235208 0.34548134
-0.17336115 -0.4278199 0.34657943
-0.21929812 -0.21883237 0.08468472
-0.1667599 -0.30701423 -0.13644877
-0.05086975 -0.4136982 -0.13265204
0.1714917 -0.27495697 -0.13115197
0.32118213 -0.25894386 0.024432458
0.330634 -0.3108361 -0.1318079
0.33807564 -0.31783167 -0.21645643
0.14505234 -0.3282221 -0.18113023
0.23056029 -0.4015458 -0.10347511
0.30868825 -0.2369954 -0.024970002
0.35231924 -0.12558612 0.0012149345
0.28303623 -0.11346171 0.21832827
0.2767016 -0.13306361 0.09757716
0.30139622 -0.15967046 -0.0006107595
0.29572368 -0.20361419 -0.038990516
0.16119802 -0.2091571 0.06760589
0.061416443 -0.06730482 0.049071267
-0.011380274 -0.1438201 0.11591287
-0.058537796 -0.17865609 0.105970904
-0.06479725 -0.24916777 0.039496697
-0.05528811 -0.3823529 -0.064605184
-0.090397 -0.38629508 -0.13607885
-0.10274358 -0.3681006 -0.020453647
0.02362168 -0.3238895 0.014752485
0.143605 -0.3861543 0.13424774
0.2076473 -0.4707884 0.064597964
0.16283728 -0.120140225 -0.14831822
0.18789007 -0.084643826 -0.33211976
0.23475209 -0.104696654 -0.27381143
0.10998391 -0.16836767 -0.13482952
0.082538106 -0.23202129 -0.010615245
0.106490664 -0.32734823 -0.05552489
0.13946106 -0.48260903 -0.038082372
0.20166297 -0.5152574 0.0015726294
0.08815152 -0.4414316 0.23844996
0.049866207 -0.1900442 0.034759775
0.009803779 -0.017162858 0.0046857367
-0.036486547 0.07366935 -0.22992623
-0.01409517 -0.19322746 -0.1805986
0.07476124 -0.13529877 -0.21682096
0.13462502 -0.33817396 -0.09663828
0.12531397 -0.32931215 0.04418738
0.036696665 -0.3213019 0.06891776
0.01652707 -0.33404532 0.030183323
0.03797715 -0.42874134 -0.09847609
0.13078634 -0.27696118 0.025833191
0.2266502 -0.24120086 0.016306989
0.21019524 -0.3598448 0.0004825443
0.24620432 -0.24581847 -0.008866981
0.22586851 -0.13604642 -0.11430787
0.053952444 -0.0931386 -0.052785717
-0.003922702 -0.12022414 0.16208853
-0.0110188965 -0.18798509 0.22462022
-0.034632333 -0.22494744 0.017372396
-0.0052143736 -0.22635777 -0.1414158
0.00196639 -0.38105765 -0.14451514
0.07347553 -0.35675988 0.11831313
0.007629629 -0.23415792 0.02155575
-0.10018911 -0.09785258 -0.013305969
-0.21767218 0.07761601 -0.10279825
-0.11952697 -0.087080576 -0.022870187
-0.04501249 -0.23485406 -0.074077755
0.20619218 -0.07928554 -0.12930982
0.3433519 -0.2040783 -0.048230354
0.33639407 -0.24621996 -0.010897005
0.24018724 -0.28202164 0.08142891
0.015436616 -0.3761109 0.13399926
-0.085268885 -0.50193065 0.13927388
-0.09035602 -0.37090462 -0.104082264
-0.079735376 -0.19042078 -0.36359426
-0.11135576 -0.25386092 -0.0893338
-0.082636185 -0.28021282 0.23545437
-0.027009709 -0.2685357 0.22865936
0.10686701 -0.23160473 0.1666063
0.16067304 -0.29545298 0.037880372
0.08176659 0.107759625 -0.06739161
0.10883887 -0.01577051 -0.08130447
0.1188672 -0.10512404 -0.07819178
0.0968396 -0.12955649 0.02120957
0.05040101 -0.24774018 0.13362655
0.050121643 -0.2685307 0.12491334
0.18491863 -0.48512077 0.14466177
0.16503865 -0.5845425 0.15312038
0.13850437 -0.4192576 0.006994549
0.020134749 -0.00050112046 -0.29071754
-0.040630244 -0.16719535 -0.18906012
0.023982977 -0.23463064 -0.21623684
0.18915331 -0.3047053 -0.085002095
0.3717445 -0.23749068 -0.05485417
0.39345157 -0.34809145 0.05909847
0.3655366 -0.49867848 -0.03815181
0.20008218 -0.5265517 0.22565387
-0.0064648106 -0.5261981 0.26509076
-0.103550375 -0.24542701 0.17190295
-0.05557405 -0.20366599 0.060035147
-0.24206316 0.024425175 -0.28845066
-0.2657567 -0.04965418 -0.3413325
-0.16419159 -0.10958905 -0.2690428
0.072169974 -0.14506136 0.07145624
0.0044787815 -0.23422575 0.35166264
0.16527045 -0.20681721 0.12478477
0.30325413 -0.21583983 0.11018878
0.27337247 -0.25832072 0.18963996
0.2879209 -0.26322356 0.09515357
0.29575208 -0.32663426 0.03030207
0.35170913 -0.44366983 0.12353901
0.3542201 -0.4151056 0.09336838
0.22038029 -0.02602326 -0.18341187
0.21131963 -0.2335958 0.07159641
0.34289828 -0.26039675 0.034181796
0.4191297 -0.30712017 0.06692762
0.35771227 -0.43057284 0.2162973
0.2809656 -0.6547637 0.2560838
0.21214813 -0.3696543 -0.03686539
0.14310929 -0.035863575 -0.27049738
0.18483946 -0.41597238 0.0025915392
0.15867028 -0.2912675 -0.23083779
0.35618407 -0.34084475 -0.08417666
0.41527343 -0.38483605 0.019824237
0.40546846 -0.57393706 0.052309044
0.2679162 -0.60713816 0.1790022
0.16284326 -0.4349547 0.14237128
0.08251448 -0.33436468 -0.21217191
0.28678024 -0.31069753 -0.41036797
0.39721963 -0.5145207 -0.18358654
0.57659835 -0.6039658 -0.11223415
0.65818495 -0.41830456 -0.109300256
0.73274255 -0.3847766 0.024719913
0.7239619 -0.45005065 -0.024799235
0.47655493 -0.5635734 0.1920091
0.34847683 -0.65301037 0.31494373
0.33305264 -0.44435218 0.3320317
0.28465125 -0.2391449 0.17717603
0.15469751 -0.26786667 -0.035368875
0.0120501 -0.5515758 -0.035416756
-0.013541968 -0.43433616 -0.17065312
0.0063624084 -0.43648168 -0.3423972
0.036053192 -0.4453619 -0.31120634
-0.20527185 -0.3984227 -0.10040279
-0.2877127 -0.2619654 -0.102426134
-0.30334553 -0.42296678 -0.12490764
-0.40841538 -0.46465734 -0.20190659
-0.29527968 -0.430132 -0.13658938
0.011988208 -0.48137838 0.19589275
0.24762039 -0.7037958 0.18713497
0.16301459 -0.6441725 0.07387593
-0.0538749 -0.5022897 0.072006285
0.018356664 -0.2821394 -0.13849868
0.018514045 -0.37591764 -0.18968606
0.004451413 -0.49556524 -0.3609892
0.104107134 -0.43020067 -0.47616923
0.4722435 -0.41563255 -0.18379211
0.5327217 -0.39459813 -0.14284979
0.4904728 -0.52103746 0.070730686
0.30736893 -0.5057758 0.2472834
0.17764796 -0.46882993 0.11712153
0.14488743 -0.48330796 -0.03394928
0.10294843 -0.54901123 -0.14519803
0.031859837 -0.5478073 -0.06451159
-0.065499835 -0.46399453 -0.040081825
-0.17672595 -0.42745665 -0.002545942
-0.24065709 -0.5932248 -0.033267155
-0.21622828 -0.41066316 -0.3034284
-0.07636759 -0.5390835 -0.3999579
0.16104262 -0.64709884 -0.09092913
0.22877063 -0.70203656 0.08935321
0.19175293 -0.6733368 0.03964194
0.056777712 -0.69304764 0.23254849
-0.030557672 -0.73646903 0.38325334
-0.035631016 -0.35240576 0.12274932
-0.047406606 -0.18126719 0.039970722
-0.076052874 -0.19792292 -0.088816255
-0.036776878 -0.40611494 -0.23974073
0.15929788 -0.47022805 -0.21671629
0.24511972 -0.56339455 -0.14323911
0.25863346 -0.77678025 -0.07647425
0.13166085 -0.724714 0.17460309
0.0007282365 -0.6604657 0.21382654
-0.06988856 -0.3327256 0.15002044
-0.024148772 -0.21459198 -0.13597901
-0.041766275 -0.4296931 -0.27365658
-0.10472608 -0.50750434 -0.2435917
-0.04597092 -0.6122856 -0.08487848
0.075922064 -0.57129097 -0.15145525
0.1527955 -0.689479 -0.18316633
0.14258318 -0.67015827 -0.1584236
0.06797686 -0.33556855 -0.21876472
0.019451492 -0.41066498 -0.16850676
0.013508246 -0.5351117 -0.06954127
-0.015411119 -0.6320054 0.034253325
-0.07992074 -0.5376765 0.15879345
0.05050148 -0.2270105 0.22686757
0.11929408 -0.113701254 0.17290093
0.030350888 -0.21900037 0.21528694
0.082092084 -0.34297517 0.30413365
-0.020232745 -0.43854025 0.31023824
-0.009353715 -0.25648025 0.022877913
-0.018495321 -0.40329897 -0.15426761
0.0005105189 -0.5188838 -0.2645445
0.14402463 -0.6027206 -0.020416763
0.20914146 -0.32441986 -0.058228724
0.22632614 -0.32057926 -0.13599059
0.2434745 -0.30452213 -0.27197534
0.1784127 -0.44654876 -0.22258279
0.1425209 -0.58345133 0.06636048
0.07482067 -0.7174263 0.29376817
0.080101654 -0.4011106 0.072216585
0.0730197 -0.09962637 -0.07395408
0.006507704 -0.3138054 -0.14774948
0.083690256 -0.32992783 -0.09022941
0.1884924 -0.42161635 0.16307458
0.17703356 -0.4872621 0.24078396
0.18913789 -0.45089757 0.032748695
0.26810253 -0.2019914 -0.21848595
0.20931289 -0.28542015 -0.08457934
0.053341553 -0.2800934 0.023697319
-0.034483604 -0.32796636 0.34658527
-0.10407551 -0.3720522 0.35831088
-0.08592762 -0.21118139 0.1173897
-0.06038451 -0.20520662 -0.10758829
-0.022688344 -0.2815862 -0.2750261
0.036000647 -0.39956358 -0.18355104
0.14611056 -0.4907995 -0.046357505
0.051632542 -0.33875522 0.07292153
-0.07986124 -0.2901762 0.1092168
-0.10026266 -0.29140168 -0.080357715
-0.12847488 -0.43253458 -0.18381861
-0.09641118 -0.22959337 -0.2207802
-0.09349647 -0.26790032 0.00090081245
-0.1411757 -0.35712913 0.1595175
-0.21465762 -0.27094078 0.17420252
-0.23843858 -0.098916836 -0.012090972
0.019943098 -0.29038027 0.0060132705
0.1303151 -0.13418977 -0.07207851
0.30106503 -0.31861082 -0.01899153
0.35806316 -0.36658192 -0.023513779
0.34237567 -0.28815007 0.06096951
0.23760466 0.01812211 0.06046605
0.27524596 0.019513097 -0.12204076
0.2938217 0.00988228 -0.23491497
0.34482363 -0.056745816 -0.2660405
0.4162974 -0.040645607 -0.1312126
0.16807202 -0.047302727 0.093000226
0.24059919 -0.09373159 0.103072695
0.0780391 -0.2636897 0.09593322
-0.039664432 -0.15042824 0.07647647
-0.12554437 -0.12729725 0.013482528
-0.17094061 -0.15577713 0.0041826395
-0.28048578 -0.045144502 -0.027612183
-0.28726292 -0.11554463 -0.025694367
-0.38528478 -0.2625863 0.17213884
-0.42415068 -0.33765453 0.32956648
-0.3957895 -0.3947409 0.24366823
-0.4348527 -0.33719102 0.12768744
-0.37922427 -0.11920632 -0.20895201
-0.27322355 -0.011821519 -0.49816072
-0.026431393 -0.20216006 -0.26616874
0.045455534 -0.31265908 -0.017558092
0.08165323 -0.38387373 0.24142554
0.13558424 -0.19990937 0.06634011
0.21890536 -0.30872583 0.07364511
0.26051375 -0.3648592 -0.06467399
0.28924185 -0.366076 -0.2400327
0.2122978 -0.30541918 -0.09062505
0.12148971 -0.23520753 0.098722436
0.0806174 -0.25541633 0.1299364
-0.07560257 -0.35572028 0.16398582
-0.18264093 -0.32503143 0.1572136
-0.19131611 -0.38151792 0.11257424
-0.11521195 -0.23637602 -0.10319704
-0.10322467 -0.28526264 -0.18289618
-0.02117762 -0.40344045 0.009266948
0.0227499 -0.34402627 -0.0092146015
0.10434538 -0.37747478 0.060761873
0.16659875 -0.43263328 0.078393415
0.18393664 -0.32705888 -0.13726605
0.22615536 -0.28785196 -0.33047518
0.15558085 -0.3572139 -0.028136149
0.15075485 -0.4768709 0.23976511
0.10344014 -0.5355492 0.24991469
0.14199789 -0.27317527 0.16543075
0.14854889 -0.05679125 -0.059625354
0.11839493 -0.24007024 -0.05370354
0.023059463 -0.3888506 0.036581114
-0.14032356 -0.42809442 0.043560747
-0.23681779 -0.4277883 0.006930571
-0.3483656 -0.48508206 -0.0670366
-0.37868124 -0.2025554 -0.32451957
-0.12559946 -0.33727056 -0.10550836
0.10087574 -0.18944645 0.026956428
0.23621175 -0.35439682 0.047159113
0.299686 -0.3968026 -0.036791056
0.3676178 -0.39552316 0.03073263
0.23090252 -0.1637159 -0.02135585
0.1356576 0.07982463 -0.14686485
0.08908079 0.057781186 -0.2353318
-0.085141584 -0.06516451 0.052594345
-0.15028977 -0.15347244 0.14653404
-0.17040706 -0.2197233 0.17861845
-0.06308993 -0.27079862 0.25388741
-0.07600175 -0.2997277 0.14291608
-0.04776929 -0.3719185 0.07681615
0.034570992 -0.32556963 0.029135603
0.06366749 -0.31633157 -0.13743912
0.060524333 -0.14728923 -0.15189952
-0.051078472 -0.22229774 -0.036468796
-0.15097477 -0.2151611 0.024699237
-0.16946311 -0.2972672 0.079255044
-0.1164448 -0.34780747 0.14663452
-0.052419446 -0.18583107 0.025936373
0.08917677 -0.25452933 0.07495055
0.1542793 -0.28786418 0.004174147
0.16311629 -0.40622976 -0.16309658
0.18309504 -0.49805474 -0.31575048
0.21831219 -0.6544617 -0.13176715
0.24090298 -0.41731068 -0.31787556
0.3073259 -0.15819229 -0.4151904
0.14742538 -0.16099432 -0.22619158
0.0643778 -0.29093596 -0.068779476
-0.06454278 -0.27344763 0.014301484
-0.020540986 -0.2805675 0.09777903
0.0022464073 -0.37299123 0.09198234
-0.050452605 -0.5324481 0.1311138
-0.06256897 -0.5608199 0.01789282
0.11191809 -0.2977722 0.05098387
0.09182187 -0.28056833 0.11816445
-0.011638697 -0.26319885 0.07853957
-0.119074754 -0.2723459 0.03744142
-0.15574558 -0.31364647 -0.079975136
-0.26167616 -0.4554055 0.114007995
-0.29803687 -0.44070685 0.096466005
-0.33827907 -0.3429409 0.122126944
-0.33124006 -0.2017758 -0.05843392
-0.08082847 -0.35870716 0.032911345
0.03816115 -0.2985776 0.004730588
0.114916116 -0.37421742 0.025965048
0.14963646 -0.4423749 -0.018233541
0.18397456 -0.34114838 -0.0893377
0.14759374 -0.26080889 -0.082326055
0.12588169 -0.098158345 -0.19020367
0.19892682 -0.0842392 -0.1313557
0.16085356 -0.22000611 -0.30657023
0.08407417 -0.2950029 -0.021220423
0.08686704 -0.36037734 0.095443256
0.011349628 -0.31290877 0.24261734
-0.0038924534 -0.11128634 0.36619827
0.048355673 -0.08049197 0.37769654
0.010012642 -0.18441892 0.2984066
-0.067234136 -0.24892505 0.16823411
-0.11173002 -0.28825322 0.049867593
-0.16595155 -0.29310253 -0.059927233
-0.20301104 -0.39728522 -0.131964
-0.17799161 -0.4617101 -0.03756507
-0.04549904 -0.4613047 -0.20138463
0.29201138 -0.32841167 0.0039043538
0.3565129 -0.45359272 0.047582045
0.4007772 -0.37790585 -0.03631623
0.42524445 -0.20411946 -0.25518802
0.38039535 -0.30229723 -0.3290227
0.39373988 -0.4410204 -0.4152755
0.29096034 -0.55248046 -0.051116787
0.053608876 -0.34891978 0.19053942
0.13574754 -0.13598074 0.19921523
0.16452508 -0.11497091 0.09274773
0.12902701 -0.22401793 0.08380444
0.124051 -0.40911952 0.01697411
-0.06330318 -0.43811092 0.12292466
-0.22634728 -0.36087224 -0.0010830844
-0.17795286 -0.40086368 -0.11861463
-0.15015021 -0.39399287 -0.24717826
-0.15395628 -0.52107 -0.16895401
-0.09156402 -0.33949172 -0.26233897
0.061514407 -0.48214436 0.010282709
0.02750022 -0.6073032 0.18472305
0.05609846 -0.3643038 -0.044359062
0.037341647 -0.1562484 -0.23756832
0.094114356 -0.3263506 -0.27171957
0.3249677 -0.393598 -0.08234632
0.29521757 -0.39254585 0.26703507
0.20362163 -0.19531271 0.312666
0.22879444 -0.038509246 0.2912444
0.20269866 -0.06724316 0.27016395
0.18626998 -0.16103733 0.14011037
0.25948736 -0.2318869 -0.041442234
0.13347287 -0.4065754 -0.057286695
-0.0072916686 -0.40857998 -0.016371982
-0.13422942 -0.34297773 -0.061243962
-0.1599385 -0.4317482 -0.23875389
-0.28938928 -0.24858548 -0.25952935
-0.30113083 -0.28655884 -0.18193613
-0.29987794 -0.33540946 -0.06722711
-0.21541554 -0.36723927 0.1818699
-0.19156569 -0.47238493 0.39674097
-0.23793663 -0.5124232 0.36293495
-0.21000634 -0.30026552 0.011541183
-0.09616466 -0.3270609 -0.111362
-0.07382414 -0.4960009 -0.13650006
0.07589109 -0.5245055 -0.16329435
0.22251128 -0.47949353 -0.092184454
0.20227402 -0.5420898 -0.1992553
0.2683677 -0.5213208 -0.27995145
0.31585902 -0.5237205 -0.30162454
0.5460748 -0.27276435 -0.19337213
0.3683115 -0.39897802 -0.09545858
0.18735409 -0.2667633 -0.039058268
0.011892832 -0.27552593 0.043040685
-0.057571318 -0.44126254 -0.01323957
-0.02291381 -0.33973154 -0.046537817
0.053439923 -0.27949753 -0.06512603
0.0023896773 -0.30090293 -0.036560673
0.062134776 -0.18672796 0.23461607
0.09983578 -0.107551426 0.20145938
0.09494397 -0.16256507 0.08446094
0.0878467 -0.27210385 -0.05163469
-0.046743497 -0.22928399 -0.039266884
-0.11754309 -0.39164364 -0.07234396
-0.20212068 -0.23569909 -0.20276491
0.016247734 -0.23662367 -0.00040434324
0.1306338 -0.30469728 -0.05858679
0.17558068 -0.41645542 0.043056108
0.085580505 -0.34773463 0.09990615
0.0951951 -0.16734368 -0.12809905
-0.029094048 -0.12468339 -0.008596147
-0.025737815 -0.22814223 0.048060887
0.10491353 -0.24522898 0.09968219
0.10268348 -0.14177127 0.07283975
0.13840427 -0.15343928 0.059454724
0.16624142 -0.03987836 0.037282623
0.26081836 -0.0859036 0.041231908
0.100970335 -0.16192278 0.010457688
-0.13080779 -0.16091405 0.113879085
-0.1227128 -0.04352326 -0.20402387
-0.026450811 -0.18749852 0.007772929
0.05862378 -0.21423109 -0.040563058
0.16809076 -0.29264182 0.0034026527
0.18153948 -0.22061457 -0.019479826
0.2144552 -0.07416219 -0.093679085
0.075318664 0.24893658 -0.085772455
0.16456027 0.010924637 -0.031222643
0.22878125 -0.068531506 0.03091569
0.195927 -0.17297575 0.09513301
0.0373831 -0.2539855 0.024271443
-0.07416016 -0.3643284 0.05062937
-0.16521055 -0.45510033 0.07713349
-0.20464036 -0.2937629 -0.023403896
-0.048009243 -0.14324442 -0.11139703
-0.018256316 0.03198223 0.008378781
0.017758988 0.11245344 -0.089955464
0.054222133 -0.019741923 -0.009971285
0.04141535 -0.0084856255 0.18475953
-0.028746497 -0.13138345 0.3293259
0.01868588 -0.07798735 0.1659163
0.057826225 -0.25812593 0.12759095
0.09494887 -0.24392629 -0.011545677
0.15590939 -0.41994384 -0.039322596
0.23311268 -0.4178476 -0.08501424
0.28555584 -0.53747183 -0.12592539
0.25412965 -0.5923223 -0.24309948
0.012362143 -0.5041189 -0.042384934
-0.12427419 -0.39770943 0.05393944
-0.14852008 -0.41636622 0.04593918
-0.092580885 -0.2883977 -0.13310952
-0.08947822 -0.44946375 -0.118543305
0.16683272 -0.5412683 -0.008878656
0.3670126 -0.5512598 0.006172989
0.51235235 -0.47118554 -0.17298228
0.33144072 -0.30617514 -0.17508866
0.08514793 -0.2995763 0.0403394
0.01764426 -0.43237796 0.119085595
-0.071438566 -0.5577749 0.12226868
-0.20041406 -0.47932822 0.027145863
-0.23538539 -0.5319051 0.0044107875
-0.14809446 -0.30835783 -0.14608625
-0.11001294 -0.33616534 0.016105052
-0.10516188 -0.4651062 0.21647626
-0.106145434 -0.57801586 0.28079236
-0.014874762 -0.4578903 0.08116831
0.011262383 -0.33905086 -0.12816796
0.015263684 -0.4705579 -0.29048115
0.21151495 -0.5325149 -0.13926584
0.33287758 -0.540406 -0.27281857
0.44476712 -0.46567383 -0.34592122
0.35645178 -0.55353767 -0.07371485
0.23739652 -0.40552142 -0.005819099
0.014700135 -0.4399081 0.12568054
0.12669326 -0.22804655 -0.06400086
0.19381206 -0.3230384 -0.19154397
0.3168899 -0.33456168 -0.040076897
0.25684834 -0.3702065 0.14787087
0.1522597 -0.27290186 0.15794599
0.0029474746 -0.20705967 0.23450881
0.022867372 -0.3693499 0.19771786
0.096513204 -0.11935064 -0.029561505
0.036690835 -0.2060425 0.011067495
0.12275204 -0.24604277 -0.06573142
-0.110350624 -0.35597715 0.017558001
0.00996189 -0.41022933 0.09836075
0.13786504 -0.27985546 -0.04174387
0.19444838 -0.15891512 -0.10369055
0.12434262 -0.26099885 0.060381092
0.038880765 -0.18557248 0.15494537
-0.00969421 -0.23083454 0.15076028
-0.109569795 -0.27637556 0.14151426
-0.22111063 -0.18793465 0.22257283
-0.113928534 -0.17817101 0.24390373
-0.004931031 -0.1761901 -0.09396835
0.1662881 -0.25247785 -0.15503487
0.22867799 -0.25644428 -0.109735
0.23137157 -0.27723607 -0.005537914
0.19154736 -0.3856225 0.009879487
0.06432903 -0.4823827 0.09154431
-0.10492786 -0.30281425 0.15335499
-0.0924539 -0.27962485 0.034888826
-0.0051646456 -0.096018314 -0.19870435
0.048744697 -0.2422864 -0.08762203
0.084251404 -0.3329047 -0.17709008
0.14991774 -0.3743342 0.00039216224
0.15208556 -0.4143845 0.23291123
0.19216688 -0.58560663 0.27426285
0.07303239 -0.3846515 0.2640186
0.13721636 -0.17103927 -0.043769524
0.23255262 -0.20908542 -0.2278116
0.25452462 -0.29998776 -0.3010425
0.10358329 -0.34251818 -0.10587891
0.059080057 -0.43098098 0.27320912
0.11756708 -0.5075405 0.24862777
0.15098345 -0.27873236 0.31218642
0.22438778 -0.028379185 0.32257456
0.21387368 -0.063697465 0.2580336
0.2945968 -0.06568481 0.16863564
0.21248962 -0.19299832 0.120418034
0.16119467 -0.34693554 0.050305016
-0.024104562 -0.31426132 0.104364775
0.013993503 -0.22022097 -0.07929771
-0.049685493 -0.23414968 -0.17297313
0.04415885 -0.45550665 -0.12162579
0.074008174 -0.59309614 0.23597977
0.10854342 -0.47286528 0.01992258
-0.019732315 -0.047174294 -0.02987973
0.027593028 -0.09492141 -0.26698795
0.14358856 -0.2974029 -0.33323506
0.26024845 -0.46049672 -0.24262714
0.17493036 -0.6312084 0.13266066
0.11926133 -0.77221394 0.3263955
0.044335984 -0.62646323 0.38824022
0.09718023 -0.3853353 0.091110624
0.06252499 -0.12895325 -0.16400814
0.07711379 -0.37984133 -0.12145494
0.04844493 -0.37881082 -0.1567074
0.22312772 -0.512408 -0.18620533
0.2362797 -0.70684093 -0.24356931
0.22438192 -0.8734445 -0.052969795
0.16617464 -1.0514936 0.15016901
0.083930105 -0.64499545 0.067033514
0.006367972 -0.24007586 -0.14411163
0.056275677 -0.46410394 -0.30550736
0.110569894 -0.44959828 -0.36828247
0.2636935 -0.53709275 -0.20403154
0.26863882 -0.5556065 0.015530398
0.16397882 -0.5142999 0.297346
0.10719074 -0.57989264 0.22577956
0.0968719 -0.13928218 -0.05174105
0.0926082 -0.36867732 -0.035875972
0.21196663 -0.34572044 -0.2515443
0.48332942 -0.45962158 -0.08821874
0.55600584 -0.52938616 -0.11456485
0.5680404 -0.59545517 -0.03532143
0.15956105 -0.3518932 0.30447793
0.046098597 -0.38532427 0.29382187
-0.005683097 -0.5337257 0.13423043
-0.043024145 -0.49081698 -0.15235727
-0.025065683 -0.48047453 -0.36297333
-0.08710718 -0.71052486 -0.2462979
0.033251714 -0.7521909 0.0688661
0.0043563074 -0.4189895 -0.14765497
0.04218151 -0.4625519 -0.08460714
0.31790662 -0.5655765 0.1368431
0.2346576 -0.59027374 0.22159405
0.15375207 -0.56883687 0.19636966
0.25814927 -0.26181874 -0.08741355
0.15206614 -0.17988682 -0.25502327
0.16213627 -0.22223216 -0.31351638
0.23773292 -0.29420286 -0.21076882
0.3294609 -0.42477742 -0.14577842
0.3536179 -0.51021814 0.12525405
0.22108775 -0.48289904 0.29424787
0.13288632 -0.47729218 0.33372468
0.08198076 -0.33861503 0.26195467
0.016663047 0.066352524 0.07594074
0.01638408 0.13891014 -0.12218967
0.04637044 -0.077233806 -0.2377215
0.07109559 -0.19537483 -0.37300888
0.29827264 -0.22582531 -0.20269342
0.50457543 -0.27652463 -0.08830711
0.66782707 -0.3971222 -0.09983854
0.6044293 -0.36342132 -0.07807391
0.34094092 -0.35789487 0.25429526
0.22641413 -0.3537812 0.16737899
0.2881481 -0.46837363 0.14609368
0.22796376 -0.5937388 0.23176098
0.07085106 -0.48226738 0.26669058
0.07547828 -0.5056765 0.18513301
0.06828484 -0.40750504 0.21571434
0.029767971 -0.4124627 0.09172369
-0.0034560347 -0.3906811 0.08662517
-0.059429973 -0.25469327 0.22337267
-0.014893693 -0.32103404 0.28930038
0.028467765 -0.5671086 0.27990282
0.016682517 -0.64366513 0.24997263
0.066095605 -0.38009596 -0.13719974
0.068078004 -0.4523342 -0.32108486
0.033539724 -0.61143106 -0.45211306
-0.016274171 -0.6133749 -0.03062541
-0.09008852 -0.52690583 0.18726654
-0.21289508 -0.57357436 0.25572342
-0.15837626 -0.30736995 -0.05160436
-0.1499765 -0.26545635 -0.1290729
0.06619466 -0.3736303 0.23285538
0.13815185 -0.49623662 0.28827327
0.15779871 -0.56738675 0.0937843
0.007011065 -0.56138945 -0.059592076
-0.14257668 -0.2716677 -0.22678858
-0.15815336 -0.18805292 -0.37485403
0.14688993 -0.4419284 0.011559536
0.28181523 -0.5989635 0.1094297
0.32894263 -0.7438999 0.22410673
0.22962604 -0.6150753 0.12771082
0.089878626 -0.57041156 0.09868243
0.009053845 -0.14580889 -0.2804227
-0.014524425 -0.13479877 -0.36874664
-0.10067956 -0.23435591 -0.4079238
-0.08299802 -0.2441458 -0.40341702
0.026730588 -0.24353917 -0.027241383
0.081128724 -0.25869083 0.20689422
0.15032652 -0.28333488 0.32750815
0.14170021 -0.34162614 0.20734715
0.1136846 -0.47095034 0.14935425
0.079529636 -0.51582897 0.106162176
0.09742393 -0.62354124 0.14602154
0.055328913 -0.68855697 0.10347478
-0.011068187 -0.5449972 -0.07782896
-0.17061253 -0.5964472 -0.020917514
-0.2820021 -0.65842897 -0.013109751
-0.25094587 -0.7099879 -0.09953606
-0.1850025 -0.50947315 -0.33616322
0.062120583 -0.57295436 -0.063100755
0.09631624 -0.64736545 0.08453429
0.042984072 -0.47603634 0.14726187
0.05478734 -0.37167093 0.1557523
-0.032104883 -0.4530313 0.15744792
0.039781775 -0.5079044 0.0801007
0.04084498 -0.53933305 0.075744785
-0.028051537 -0.38222718 -0.1285506
0.0012251548 -0.45978713 -0.25127298
0.036556825 -0.48937556 -0.19888282
0.24106222 -0.45507997 0.09254153
0.19701168 -0.5621498 0.24864933
0.079750925 -0.46092498 0.15716708
0.08396827 -0.42762163 0.009475922
0.121320486 -0.033908907 -0.02815836
0.09938419 -0.18331195 -0.04224112
-0.04181561 -0.2192517 -0.034650534
-0.09877326 -0.29450506 0.16676395
-0.14422767 -0.43228033 0.24625532
-0.116725996 -0.5476444 0.18638125
-0.033268303 -0.6648135 0.19554266
-0.020589868 -0.32315418 -0.10669536
0.055164155 -0.33795083 -0.14619632
0.09883419 -0.28465402 -0.25864154
0.11032249 -0.385088 -0.2752232
-0.07455071 -0.5383071 0.017718673
-0.19789019 -0.6129477 0.12022532
-0.12511219 -0.56916016 0.030139072
0.0017490158 -0.57080567 0.00113401
-0.023440925 -0.5762526 -0.07102701
0.081570156 -0.21311773 -0.24222644
0.14657493 -0.33745775 -0.17434067
-0.08497886 -0.49731427 0.14493147
-0.10344457 -0.596484 0.26087904
-0.078748316 -0.45469365 0.22047357
0.020606834 -0.538912 0.10075998
0.09912356 -0.22192764 -0.0072470726
0.1291285 -0.39285928 0.041334763
0.11233748 -0.38155696 -0.1347919
0.106495865 -0.40957734 0.05031705
0.116110794 -0.27426377 -0.15785095
0.0816454 -0.14322759 -0.32216278
0.19685507 -0.30303982 -0.3011496
0.41436374 -0.29010478 -0.2878953
0.54337865 -0.30970868 -0.049369294
0.4052184 -0.22416529 0.1863974
0.27819818 -0.21579601 0.19048224
0.011927296 -0.14065474 0.23378661
-0.038922634 -0.055657715 0.1631881
0.0129475705 -0.20891476 0.16749243
-0.045263056 -0.36254966 0.18245035
-0.16918543 -0.31168145 0.24412668
-0.07885768 0.005970734 -0.0350765
-0.035159916 -0.007962183 -0.3071663
0.069019556 -0.0786043 -0.25468972
0.12102797 -0.17880958 -0.18637699
0.091936536 -0.2107341 0.046083
0.14005947 -0.3148062 0.1697484
0.17691755 -0.43762895 0.2584964
0.17822254 -0.50774777 0.18432143
0.23975112 -0.3572122 -0.09163284
0.27980778 -0.2617015 -0.31494144
0.25663623 -0.5404876 -0.2295292
0.18030655 -0.5655402 -0.039843857
0.04451754 -0.52327484 0.34572208
0.13818541 -0.35892725 0.2128982
0.15874714 -0.30118743 -0.026393535
0.2098713 -0.41689467 -0.01418016
0.043948952 -0.34501705 0.24224651
0.119900316 -0.22800046 0.0662876
0.07359425 -0.17270058 -0.25355124
0.34740362 -0.22344668 -0.20567176
0.40947607 -0.22191593 0.081155054
0.45385292 -0.3534647 0.16010082
0.3725155 -0.28084096 0.16420467
0.33391708 -0.22740532 0.15996847
0.39028057 -0.39157304 0.14058703
0.33405033 -0.27019823 -0.2542071
0.39753565 -0.20179658 -0.38366637
0.5332962 -0.37899575 -0.2072749
0.5730311 -0.5060767 -0.08668347
0.6013848 -0.614845 0.05855935
0.5656241 -0.56911623 0.1815781
0.43227363 -0.38963395 0.29549313
0.5153678 -0.18393844 0.030755129
0.48738047 -0.20008959 -0.290816
0.5207819 -0.37873417 -0.2871637
0.4321419 -0.40636092 -0.12974836
0.33674037 -0.36792943 0.082610555
0.14899582 -0.32697576 0.39148515
0.079260744 -0.28858343 0.36780846
0.11517433 -0.17211051 0.24953443
0.071488425 -0.30464053 0.17925456
0.098299205 -0.13670246 0.17008896
0.16060595 -0.08268519 -0.10233809
0.22845094 -0.14324625 -0.23199572
0.016805364 -0.079506464 -0.014230868
-0.06364089 -0.1522152 0.14202571
-0.0654213 -0.28391814 0.16646373
-0.11768597 -0.25922158 0.051298995
-0.14060338 -0.25931922 -0.08910676
-0.101456255 -0.0504376 -0.32995343
-0.0630517 -0.12195555 -0.17722228
-0.00044574542 -0.1876387 0.10244845
-2.5354791e-05 -0.32649678 0.22375375
0.019131076 -0.40058982 0.1385648
0.067721106 -0.42199698 0.046205506
0.19632326 -0.3681811 -0.08611702
0.24071184 -0.35514987 -0.34694576
0.14014737 -0.52359647 -0.35142028
-0.096470155 -0.4933417 -0.3202617
-0.20717773 -0.51984054 -0.12041959
-0.0055847806 -0.5343369 0.21194467
0.008971483 -0.5605027 0.23713516
0.01407871 -0.567865 0.14678112
-0.058542818 -0.26143175 0.004204802
-0.10360242 -0.14346585 -0.14722194
0.16407993 -0.15927133 -0.11351359
0.31363463 -0.20034708 0.010275799
0.4378185 -0.32073203 0.05345226
0.5067308 -0.3148803 0.05039288
0.4468323 -0.3312261 0.19043456
0.35622782 -0.35563615 0.2790252
0.2867689 -0.4909037 0.18661289
0.1314797 -0.37995517 0.16307975
0.010606205 -0.29694694 0.024009714
-0.08470678 -0.3834567 -0.025024593
-0.077637926 -0.5237466 0.016842412
-0.104782306 -0.54488486 -0.06667872
-0.08340549 -0.373053 -0.3542663
-0.13170046 -0.5267847 -0.34146956
-0.05049033 -0.5480386 0.16565478
-0.011089187 -0.57244337 0.29837757
-0.038153823 -0.30043876 0.05324104
-0.08427019 -0.22978441 0.046272807
0.079259284 -0.23754027 0.055154786
0.18931465 -0.52120644 0.050578207
0.2287439 -0.6057644 0.06642589
0.17529699 -0.4884627 -0.11320154
0.064788036 -0.4712632 -0.15377718
-0.04071956 -0.5550203 0.04807733
-0.12448641 -0.406087 -0.06276204
0.07375589 -0.49518198 -0.08100428
0.120066576 -0.6260801 -0.1184206
0.06608286 -0.7675992 0.06949408
-0.015759308 -0.5434409 0.1178339
0.0127207795 -0.28139013 0.1851682
0.0536365 -0.36183372 0.17342755
0.05348262 -0.46725535 0.07509217
0.0831301 -0.45060065 -0.20673221
0.073060244 -0.54328537 -0.18528703
0.100622185 -0.46101126 -0.01486844
0.19381185 -0.48683956 0.019273445
0.1742944 -0.55603784 0.2566884
0.19059394 -0.3287924 -0.014969142
0.18264249 -0.26278424 -0.061658733
0.13780841 -0.3125568 -0.28609267
0.028664947 -0.4871767 -0.10497974
-0.016520923 -0.548113 0.1358613
-0.0062731486 -0.6005779 0.2647027
0.012878196 -0.47645852 0.0238465
0.07557456 -0.12342649 -0.04042698
0.077618755 -0.36651728 -0.093206435
0.06284608 -0.34937522 -0.31765023
