103841.68308544159
176601.69325958192
180752.60757309198
179263.13195055723
174357.6729476899
172768.3872069046
175886.72264412045
177972.14431244135
178965.29382440262
178722.54021643847
178995.79791294038
179820.73875923455
179965.77881651372
180558.3629704453
180508.2681572372
180667.81950836442
180456.6510177441
180731.81902845204
180430.23143363744
180155.33761987835
180160.89344881475
180013.68633519858
179794.69704028964
179629.65966210514
180070.31419353187
180167.88881874084
179727.19855472445
179141.85914851353
179354.3097369522
179003.17787519982
179339.42048614472
178921.51814205572
178700.9544295147
178505.82444619038
178648.1588962227
178343.70558363944
178264.7302600853
178228.85591718182
178353.77658165246
178257.68591289222
178577.47350211442
178521.05649261922
178630.25232805312
178342.6728546992
178387.92311872542
178484.6960381996
178606.0218161121
178647.09522885084
178642.40505962074
178361.4431838654
178168.44512492418
178261.383259207
178319.7705089897
178475.96726813167
178360.52453795075
178227.6425227672
178731.09460734576
178525.791901581
178402.97297795862
178172.02726480365
178014.82512919605
177889.2148426026
178377.52031958103
178482.50493875146
178188.7936835587
178426.90319631994
178545.50831873342
178637.0806402117
178003.42028850317
177943.83098630607
177834.75585872307
178026.7544114692
178243.58170300722
177843.94985182583
178027.96145169437
177636.14997522533
177773.62896949798
177513.6865902096
177782.31296942383
178056.26305528753
178078.58686569333
178326.24528494477
177789.88473575562
177714.60247255117
177638.12372999638
177656.18543035537
177879.3605347611
177698.7906651944
177786.63464248925
178154.44208782166
178242.91755193472
177771.37068863213
177836.3226863742
178015.76442535594
177814.68194167502
178350.4473055452
178149.22352145612
177802.1682544537
177723.3717137128
178140.53011449426
178318.73896800727
178027.22356654704
177912.16178854555
178338.40831764787
178208.43337364867
178282.4493139498
178640.95882573724
178520.46206781268
178135.33327870816
178442.33314146101
178631.3602425903
178504.29097596556
178466.75571872853
178220.82852315158
177984.26194293797
177944.1670704484
178217.42298281193
178256.07544096187
178239.39078359306
178224.3981918171
178050.88233290613
177825.81499687955
177915.92968034744
178119.83006538823
178422.89738221094
178363.13012078032
178471.69182880968
177935.73686380684
177763.14247372
178124.2539995648
178068.1986271739
178317.26418735087
178289.8198408112
178222.24967554957
178188.56147667766
178212.97138811648
178277.8412321133
178149.25853338838
178178.17824828625
178001.6511068195
178204.77811816335
178181.71448983252
178131.4240321666
177976.72220385633
178166.72190251946
178328.73269610107
178524.30210207636
178370.7223355174
178543.37807080522
178464.3653509505
178950.96272090822
178651.85760673461
178855.05004639179
178485.3003296256
178757.58551799506
178563.19714248925
178650.0488124024
178870.84898632765
178549.6137837954
178280.1588442698
178210.32701721787
178299.57016240805
178205.2522591278
178355.0922021009
178272.0116021186
178434.27212590538
178528.61947665922
178302.99694050103
178618.06762083992
178610.44116219878
178330.93955794722
178446.84024392813
178793.18028890342
179017.6957141459
178495.37284120917
178305.07381360978
178339.32298811525
178845.6520927474
178839.75911801308
179167.4021203518
178831.86525257677
178932.7112070918
178571.39052034914
178024.21666918695
179171.4789950475
178805.38753545284
178420.95143000782
178277.20275821537
178482.74078596383
178815.46997606754
178473.21444438398
178542.8782068938
178681.87859307975
178192.86851499975
178525.78448717296
178298.49123487994
178525.36381232738
178114.5133516565
178113.7237174511
178296.65499474108
178491.4793446511
178526.3085719943
178252.55354242772
178325.08035653085
178193.23853580654
178458.96206642687
178355.81085778773
178384.07239765674
178264.2517977208
178260.39716357738
178498.23969580233
178395.453823559
178734.7689223364
178542.47867692262
178549.65219967812
178584.0528101474
178578.31471262872
178460.61098571122
177978.12824311014
178387.11472269893
178382.87331629544
178395.86998379976
178343.18104172405
178409.7166777309
178337.23415296525
178310.4534168467
178331.85236644745
178324.93917381763
178130.79950622842
177987.281173449
178595.9646416977
178715.03356961906
178485.82634212822
178810.52397259325
178607.64111997187
178682.12989257276
178305.0930527784
178791.29629793018
178716.11027456075
178844.661783278
178710.81973145902
178391.09473656118
178269.95212619752
178815.70132420212
178076.14421125874
178300.80291261524
178332.69793889672
178209.57864891738
178697.51530442922
178846.80037890375
178701.38725978136
178565.06969756633
178682.12550374866
178771.30288410187
178361.7589507401
178616.77736813575
178524.1036864072
178534.84235235304
178752.46635863557
178282.9473625496
178528.49004644156
178265.9547418207
178247.61151713878
178783.26499588042
178096.83582390845
178346.99642265588
178282.8421294121
178054.27893190086
178237.53013063967
178578.22517839074
178406.62529136986
178166.94259427488
178153.80134876072
178116.22826074064
178324.82247404754
178631.17723540962
178195.92406217754
178124.0693274727
177894.79765356332
177897.17037466168
177975.65811610967
177812.63545897603
178243.81231781095
178178.02038969472
178321.02337920293
177967.08075935394
178281.45885748416
178234.21037827432
177853.71390360594
177687.5306217242
177974.5054603666
178214.1403341256
178649.90565606952
178159.52191571333
178347.31243804842
178522.50406481326
178545.4010961838
178627.67435436696
177992.85887753218
178471.27205770463
178174.43134845048
178464.7389742285
178258.7096252665
178037.18049657345
178079.78767431155
178152.57766610384
178005.1468499303
178009.5852163583
177734.35127932578
177726.18301719427
177843.01433464885
178037.51595503464
177900.67953677475
178007.45757341385
177832.8791461438
177911.55947333574
177757.35221924633
177984.4831096679
178030.05748755485
177882.29741483508
177610.35359659418
178027.88740438595
177773.0664338395
178002.9048982337
177624.03388088197
177985.18616841733
178681.12536183186
178219.17777656764
178113.4220054373
178220.28583755344
178585.66126429662
178426.98313634843
177962.71880611032
177953.93051429652
177916.9118134454
178014.7611021921
178328.21159742028
178016.48719452322
178181.79505269974
177867.43745867908
177932.60865080357
178337.2948820144
177970.51514980942
178193.96096938848
178534.2713715285
177829.9556409046
177841.2938977182
178261.53987279534
177746.17673493922
177780.97445241362
177787.80944331363
178003.37386587262
178142.71653689444
177951.0749439709
177472.17535104603
177577.89444140345
177870.60835429654
178003.12942016125
177892.00997257978
177897.5428390056
178016.99344519153
177796.22380211204
178246.05463587493
178245.73471985012
178793.70270658564
178495.7005147487
178155.0065537244
178102.9504732862
178093.8847383
178086.71676135436
178106.55319128186
177773.5479649827
177803.59701569378
177608.96436118335
177919.68111133203
177830.01730094105
177942.5830135271
177967.5875383243
178310.37015444203
178139.77142835408
178271.56036219
178211.09063451737
177836.7254676409
177915.2219113242
177870.28140315413
178118.27862440795
177798.3971669525
178133.5055874288
178045.50811744854
178316.30944778025
178682.86307123676
178574.31020065397
178456.51251163334
178134.43063218147
178134.8078276962
178011.5321542211
178354.53611294925
178210.91422199458
178582.03632289916
178128.996408239
178076.59440647997
177859.77546280622
177659.54369027168
177607.54929610342
177910.80227721483
177833.97576919943
178819.90693869616
178121.6741251275
178024.94172641635
178074.88769224286
178243.5064740181
178233.9258516766
177697.3838806376
178125.47444498166
177586.0639758259
177606.72394237295
177987.2021482587
178062.88411815464
178231.27125935256
178155.6402997002
178144.48129431903
178207.93484678864
177958.108105883
178099.11714210734
178353.80892886966
178247.44376550615
178508.3536877483
178253.26584476233
178724.1985346526
178303.49383419752
178209.07756404206
177862.3105001524
177917.2958860919
178048.4113906026
177530.18822720647
177586.12482748926
177531.16479276493
178093.50950025022
177727.42254531384
178047.66497817636
178193.9449801594
177881.61913886666
177937.9072234556
178024.23725717515
178208.71587485448
177825.4416146502
177660.18421899527
177947.40362835675
177588.8751307465
177648.97006474063
177670.81645721197
177854.9006765969
178063.13839171827
178187.3854852505
178169.9073830843
178015.4823986143
178274.55864432454
178409.0249325484
177902.08264270052
177912.67775066197
177863.16019388288
177845.4616114907
177854.33227471262
177705.19790302962
177788.01040633768
177913.62262310088
177768.1789030321
178098.28359515266
178151.8750653806
177820.58085351065
177721.63615935296
177776.9822672531
177572.6873775497
177584.12879759073
177825.3765957132
177749.44429191947
177688.0370547846
177938.30455055833
177639.24756778777
177839.02623186912
178390.74012856558
178474.0430944115
177904.37940524518
177672.64786864817
178017.57184361666
178431.13726313226
178086.0543674864
178023.49479905516
178193.70159316808
177875.92092827708
178227.8606364429
178136.9370875582
177693.48983605206
177719.39510956034
177993.74577596784
178137.4486975707
178264.66057760082
178090.14026498795
177668.73769227415
177700.28019203246
178103.36539416015
178414.3285576254
178337.19756931067
177608.00355890393
177897.24476790428
178258.59745176136
178309.23113719374
178289.09685866535
178000.19300838187
177984.05872885138
178319.83085715026
177850.81150964648
177834.679682523
178442.35619545728
177879.89523857087
177652.9175149044
177871.0315360129
177937.58944691345
177692.9109267667
178196.90212004632
178092.57972165942
178186.18345356733
178284.436850179
178203.84908463806
177935.75569915026
177888.27457078546
178148.7799511701
177727.35443838313
177833.05908562616
178242.0186772719
178038.31234752014
178221.98588121682
178363.6766827181
178233.3727223277
178272.5333263278
178077.42626057938
177994.44350627065
178101.6667231843
178219.1703106463
178175.11086074635
178020.43369879574
178228.3594511971
178192.7463265136
178157.98668033257
178131.50170693547
178067.13017823547
177612.27317018807
178010.5653996989
178306.19182033837
178266.62575608492
178059.2539306581
177488.6231346354
177949.96558359265
177786.29730023444
178080.02323284745
178354.1219290048
178140.47166340798
177989.56559415162
177817.53622679412
177782.02136140317
177892.8983644396
177884.2636078447
177603.06235276908
177904.47226314247
177859.37623312324
178139.60450431705
178338.05228376016
177821.89110666513
178436.18728996068
178248.35602941364
178393.3841599822
178013.94307139143
178080.40653605014
178006.03454833478
177673.64725001156
177834.0885324329
177597.63978810608
177577.02902886271
177513.8214451596
177560.18225183338
177522.93006643653
177627.53977560997
177838.1729174778
177814.43870768696
178056.50077507272
178080.77513916045
178062.07359205186
178149.08221455663
178013.86082885042
178066.81658306718
178112.43148957193
178378.49986715615
178049.03886526823
178244.811431095
177867.98263273388
177896.23463391513
177534.3019105345
178222.98523411155
178467.608027827
178406.0120286271
177785.3797259517
178159.08347181976
178400.79690355062
178196.26286959276
178287.339262262
178151.6821141243
178225.29859040678
177895.4744701013
177864.45925597847
177585.35328792036
178075.1799603328
178085.09815838188
177970.9800323248
178157.80760792643
178391.1474642977
178317.57970105857
178330.84212783724
177949.41862794012
178018.23210468888
177694.09374697506
178044.15996464342
177859.097238712
178210.9799292758
178179.98146247864
178246.6673047319
177777.63358157873
177582.56428762525
177730.2526409179
177891.71442774683
178030.23303814977
177979.56521205604
178166.34621402994
177952.52906656265
177603.23012553155
177313.1826166585
177786.08084994555
177899.84879116714
177663.96622940898
177746.54007390887
177885.23690789938
177815.26060837507
177616.22347308695
177847.6107309088
177712.16329812258
177380.04044555128
177562.71707865596
177687.1226851344
177735.06372492015
177623.1631264463
177770.98233294487
177874.86877994612
177873.74689508975
178193.59962453693
178191.4958075434
178206.65677247196
177766.95792798698
177888.3061466217
177734.49802000076
177831.7533767596
177918.70790546387
177916.33823943138
178241.93272200972
178101.13081881404
177858.5488942191
177838.2157829255
177622.2777685672
177487.16782789677
177927.44121108204
177650.8893564716
178017.33614751138
177683.90112198144
177762.4340308234
177959.90428280085
177699.11537891626
177842.27976167575
177761.07151170075
178391.61394100636
178469.1224816814
178126.28939178586
177790.06999081746
178066.76797688752
177786.49243914708
177623.80804856122
178138.14202167094
177697.66791098937
178067.94894976914
177592.40649767965
177770.15788152814
177597.39941770583
177503.37318896502
177603.5522632897
177833.44695856422
177717.92938417196
178077.3986677155
178184.64938101918
178277.15337249637
178032.82396704704
178116.54475174844
178330.96529480815
177937.8626260534
178208.30560124665
177636.51753709465
177759.46548687667
177860.59818339348
177957.98004567623
178486.46689831652
177873.34228046983
178279.1092958711
178339.14405460656
178035.7410279438
177787.14762601256
177781.18437226862
177784.57764527947
177843.42312036455
178251.1913741082
177879.05525539815
177824.16255589947
178011.1159197092
178110.9097378403
178173.41461873055
177721.0983601287
177478.8490805477
178105.44514668733
177885.30196449533
178183.75437399745
177478.7315903753
177842.49155278504
177825.8758545965
177748.99928680807
178175.89379143342
177614.44819021598
177992.81594935805
178166.12269334495
177930.96244244277
178066.38843892515
177786.1301116012
177714.16199928522
177769.55951400846
177800.43604803085
177485.774907317
177516.7286786437
177769.271563977
177696.588749893
177747.75974342227
177772.46190287918
177604.2728282269
177900.36865125597
177677.0391976647
177541.59854314476
177603.12329657376
177390.2218735516
177682.57327224314
177831.26133297384
177855.03120665997
178064.51332429238
177927.9038594514
177854.94185203314
177885.40998026356
177936.2773592174
177718.12559350953
177786.26920222305
177804.28610379994
177779.08953548223
177714.3786083702
177773.79850441217
177631.84095752425
177708.43902857602
177705.306401629
178268.3028138131
178071.01552241296
178010.00526124984
177870.38528704643
177828.65964081138
177541.3766163811
178114.20335419476
177734.6321251318
177779.6339384243
177880.68828468025
177910.61857680976
177892.87002325803
178176.50956844538
177949.40287136286
178221.1943277046
178178.40477768704
177748.9653519094
177956.08385814354
178278.9278970845
178128.6879311651
178051.37246389687
177813.8427701965
178029.82149210572
178025.99782460928
177539.0281334743
178113.68927564472
177656.67152611166
177951.14380393922
177982.8372989595
178313.83698260784
178027.8635335788
178221.8678241372
177790.6487761885
177987.79708306026
177685.6237287745
177720.96864128113
178332.95353400707
178147.7253182903
178165.70035238564
178006.92934776098
177726.41844065487
177500.55487715453
177454.29018697143
177810.15122823417
177532.58281693608
178165.1973940432
178113.5607059449
177980.0583157912
177914.45932819694
177981.8839544505
178220.67537872493
178068.67236519605
177868.9896467328
178055.6346780248
178204.2768540159
178219.73462042958
178277.02090199292
178098.8521134369
178060.7506046854
178038.05289303884
178227.8784348145
178069.92605585605
177984.9546868354
177885.83363476396
177924.1030633822
178192.39706726372
177914.02781064436
178046.05579889566
177985.03014864773
177948.48446767032
178095.57415340096
